[[-0.05]
 [ 0.  ]
 [ 0.  ]] -0.0013751995112037383 5.727163472169206e-06 0.0003722196630808177
[[-0.03]
 [ 0.  ]
 [ 0.  ]] 0.0005206543251209663 -4.5904192871891214e-05 0.000950589153353596
[[-0.01]
 [ 0.  ]
 [ 0.  ]] -0.0010824604964468944 5.8285133047134225e-05 0.0006065096009990068
[[0.01]
 [0.  ]
 [0.  ]] 0.0011087157247958207 0.0002921515993175813 0.0014340139233168542
[[0.03]
 [0.  ]
 [0.  ]] 0.0006062989212844813 0.00018006705756631425 -0.0004502010904863599
[[-0.1]
 [ 0. ]
 [ 0. ]] 0.0028584903150250204 7.456002185654889e-06 -0.006054500132015353
